joint_names: ["arm_1_joint","arm_2_joint","arm_3_joint","arm_4_joint","arm_5_joint","arm_6_joint","arm_7_joint"]

# single positions
home: [[0.0,0.0,0.0,0.0,0.0,0.0,0.0]]
home2: [[0.0,0.0,0.0,1.34,0.0,0.0,0.0]]
pregrasp1: [[3.2182586193084717, 1.0797909498214722, -0.94714301824569702, 0.67805373668670654, -0.72962921857833862, 0.77334976196289062, 1.5972695350646973]]
pregrasp2: [[3.2182586193084717, 1.0797909498214722, -0.94714301824569702, 0.67805373668670654, -0.72962921857833862, 0.77334976196289062, 1.5972695350646973]]
position1: [[1.3,1.7,0,0.3,0.6685,0.405,0.0]]
position2: [[2.6,1.6,-1.8,0.4,0.0,0.2,0.0]]
position3: [[3.2,1.6,-1.8,0.4,0.0,0.2,0.0]]
testpos1: [[3.7663211822509766, 0.78474545478820801, -1.2101560831069946, 1.2783812284469604, -0.86700564622879028, 1.0152182579040527, 1.5973323583602905]]
testpos2: [[2.5768325328826904, 1.0097315311431885, -1.2105628252029419, 1.658957839012146, -0.91719710826873779, -0.52552247047424316, 1.5977931022644043]]


#trajectories
grasp-to-tray: [pregrasp, intermediateback, intermediatefront, overtray]
tray-to-folded: [intermediatefront, intermediateback, folded]
grasp12: [pregrasp1, pregrasp2, pregrasp1, pregrasp2, pregrasp1, pregrasp2]
